{
 "cells": [
  {
   "cell_type": "code",
   "execution_count": 46,
   "metadata": {},
   "outputs": [],
   "source": [
    "import pandas as pd\n",
    "import torch\n",
    "from torch.autograd import Variable\n",
    "import os\n",
    "import numpy as np\n",
    "import torch.nn as nn\n",
    "import torch.nn.functional as F\n",
    "import torch.optim as optim"
   ]
  },
  {
   "cell_type": "code",
   "execution_count": 2,
   "metadata": {
    "scrolled": true
   },
   "outputs": [
    {
     "name": "stdout",
     "output_type": "stream",
     "text": [
      "train_data/alpine-1.csv\n",
      "train_data/aalborg.csv\n",
      "train_data/f-speedway.csv\n"
     ]
    }
   ],
   "source": [
    "tracknames =['alpine-1.csv','aalborg.csv','f-speedway.csv']\n",
    "datadictin = {}\n",
    "datadictout = {}\n",
    "framesin =[]\n",
    "framesout=[]\n",
    "for i in tracknames:\n",
    "    path = os.path.join('train_data', i)\n",
    "    print(path)\n",
    "    datadictin[i] = pd.read_csv(path, index_col=False).iloc[:-1, 3:]\n",
    "    datadictout[i] = pd.read_csv(path, index_col=False).iloc[:-1, 0:3]\n",
    "\n",
    "#Concatenate all datasets\n",
    "for i in tracknames:\n",
    "    framesin.append(datadictin[i])\n",
    "    framesout.append(datadictout[i])\n",
    "    \n",
    "inp = pd.concat(framesin) \n",
    "outp = pd.concat(framesout) \n",
    "\n",
    "#Drop missing values\n",
    "inp.replace('', np.nan, inplace=True)\n",
    "inp.dropna(inplace=True)\n",
    "outp.replace('', np.nan, inplace=True)\n",
    "outp.dropna(inplace=True)\n",
    "# df.head()"
   ]
  },
  {
   "cell_type": "code",
   "execution_count": 4,
   "metadata": {},
   "outputs": [
    {
     "name": "stdout",
     "output_type": "stream",
     "text": [
      "24021 21 3\n"
     ]
    }
   ],
   "source": [
    "colsin = inp.shape[1]\n",
    "colsout = outp.shape[1]\n",
    "datapoints = inp.shape[0]\n",
    "print(datapoints,colsin,colsout)"
   ]
  },
  {
   "cell_type": "code",
   "execution_count": 10,
   "metadata": {},
   "outputs": [
    {
     "name": "stdout",
     "output_type": "stream",
     "text": [
      "Variable containing:\n",
      "   0.0000    0.3333    0.0000  ...     9.2376    8.5134    8.1234\n",
      "   0.0000    0.3333    0.0000  ...     9.2376    8.5134    8.1234\n",
      "   0.0000    0.3333    0.0000  ...     9.2376    8.5134    8.1234\n",
      "             ...                ⋱                ...             \n",
      " 290.7720   -0.0493   -0.0139  ...    16.6016   15.2546   14.5179\n",
      " 290.8040   -0.0476   -0.0141  ...    16.6333   15.2831   14.5443\n",
      " 290.8360   -0.0459   -0.0143  ...    16.6655   15.3119   14.5711\n",
      "[torch.FloatTensor of size 24021x21]\n",
      "\n",
      "Variable containing:\n",
      " 1.0000  0.0000 -0.0027\n",
      " 1.0000  0.0000 -0.0027\n",
      " 1.0000  0.0000 -0.0027\n",
      "           ⋮            \n",
      " 1.0000  0.0000 -0.0009\n",
      " 1.0000  0.0000 -0.0010\n",
      " 1.0000  0.0000 -0.0011\n",
      "[torch.FloatTensor of size 24021x3]\n",
      "\n"
     ]
    }
   ],
   "source": [
    "# Get data from pandas in a Tensor Variable\n",
    "x = Variable(torch.from_numpy(inp.iloc[:,:].as_matrix()).float())\n",
    "y = Variable(torch.from_numpy(outp.iloc[:,:].as_matrix()).float())\n",
    "print(x)\n",
    "print(y)"
   ]
  },
  {
   "cell_type": "code",
   "execution_count": 63,
   "metadata": {},
   "outputs": [],
   "source": [
    "# class Net(nn.Module):\n",
    "#     def __init__(self, input_size, hidden_size, num_classes):\n",
    "#         super(Net, self).__init__()\n",
    "#         self.fc1 = nn.Linear(input_size, hidden_size) \n",
    "#         self.relu = nn.ReLU()\n",
    "#         self.fc2 = nn.Linear(hidden_size, num_classes)  \n",
    "    \n",
    "#     def forward(self, x):\n",
    "#         out = self.fc1(x)\n",
    "#         out = self.relu(out)\n",
    "#         out = self.fc2(out)\n",
    "# return out\n",
    "\n",
    "class TwoLayerNet(torch.nn.Module):\n",
    "    def __init__(self, D_in, H, D_out):\n",
    "        \"\"\"\n",
    "        In the constructor we instantiate two nn.Linear modules and assign them as\n",
    "        member variables.\n",
    "        \"\"\"\n",
    "        super(TwoLayerNet, self).__init__()\n",
    "        self.linear1 = torch.nn.Linear(D_in, H)\n",
    "        self.linear2 = torch.nn.Linear(H, D_out)\n",
    "        self.sigout = torch.nn.Sigmoid()\n",
    "\n",
    "    def forward(self, x):\n",
    "        \"\"\"\n",
    "        In the forward function we accept a Variable of input data and we must return\n",
    "        a Variable of output data. We can use Modules defined in the constructor as\n",
    "        well as arbitrary operators on Variables.\n",
    "        \"\"\"\n",
    "        h_relu = self.linear1(x).clamp(min=0)\n",
    "        y = self.linear2(h_relu)\n",
    "#         print(y)\n",
    "        y_pred = self.sigout(y)\n",
    "#         print(y_pred)\n",
    "        return y_pred"
   ]
  },
  {
   "cell_type": "code",
   "execution_count": 65,
   "metadata": {},
   "outputs": [
    {
     "name": "stdout",
     "output_type": "stream",
     "text": [
      "Variable containing:\n",
      " 9.6936e-01  1.0728e-05  1.0000e+00\n",
      " 9.6936e-01  1.0728e-05  1.0000e+00\n",
      " 9.6936e-01  1.0728e-05  1.0000e+00\n",
      "                 ⋮                  \n",
      " 9.9986e-01  9.9222e-04  9.9991e-01\n",
      " 9.9986e-01  9.6253e-04  9.9991e-01\n",
      " 9.9986e-01  9.3394e-04  9.9991e-01\n",
      "[torch.FloatTensor of size 24021x3]\n",
      "\n",
      "Variable containing:\n",
      " 9.6882e-01  9.1457e-06  1.0000e+00\n",
      " 9.6882e-01  9.1457e-06  1.0000e+00\n",
      " 9.6882e-01  9.1457e-06  1.0000e+00\n",
      "                 ⋮                  \n",
      " 9.9986e-01  6.1835e-04  9.9975e-01\n",
      " 9.9985e-01  5.9984e-04  9.9975e-01\n",
      " 9.9985e-01  5.8201e-04  9.9975e-01\n",
      "[torch.FloatTensor of size 24021x3]\n",
      "\n",
      "Variable containing:\n",
      " 9.6777e-01  6.8397e-06  1.0000e+00\n",
      " 9.6777e-01  6.8397e-06  1.0000e+00\n",
      " 9.6777e-01  6.8397e-06  1.0000e+00\n",
      "                 ⋮                  \n",
      " 9.9984e-01  2.6105e-04  9.9778e-01\n",
      " 9.9983e-01  2.5323e-04  9.9778e-01\n",
      " 9.9983e-01  2.4569e-04  9.9778e-01\n",
      "[torch.FloatTensor of size 24021x3]\n",
      "\n",
      "Variable containing:\n",
      " 9.6623e-01  4.6490e-06  1.0000e+00\n",
      " 9.6623e-01  4.6490e-06  1.0000e+00\n",
      " 9.6623e-01  4.6490e-06  1.0000e+00\n",
      "                 ⋮                  \n",
      " 9.9981e-01  8.2930e-05  9.3913e-01\n",
      " 9.9980e-01  8.0442e-05  9.3923e-01\n",
      " 9.9980e-01  7.8047e-05  9.3931e-01\n",
      "[torch.FloatTensor of size 24021x3]\n",
      "\n",
      "Variable containing:\n",
      " 9.6421e-01  2.9753e-06  1.0000e+00\n",
      " 9.6421e-01  2.9753e-06  1.0000e+00\n",
      " 9.6421e-01  2.9753e-06  1.0000e+00\n",
      "                 ⋮                  \n",
      " 9.9976e-01  2.2076e-05  1.6173e-01\n",
      " 9.9976e-01  2.1413e-05  1.6186e-01\n",
      " 9.9975e-01  2.0775e-05  1.6198e-01\n",
      "[torch.FloatTensor of size 24021x3]\n",
      "\n",
      "Variable containing:\n",
      " 9.6176e-01  1.8420e-06  9.9999e-01\n",
      " 9.6176e-01  1.8420e-06  9.9999e-01\n",
      " 9.6176e-01  1.8420e-06  9.9999e-01\n",
      "                 ⋮                  \n",
      " 9.9970e-01  5.3671e-06  2.2413e-03\n",
      " 9.9969e-01  5.2061e-06  2.2420e-03\n",
      " 9.9969e-01  5.0509e-06  2.2423e-03\n",
      "[torch.FloatTensor of size 24021x3]\n",
      "\n",
      "Variable containing:\n",
      " 9.5891e-01  1.1288e-06  9.9994e-01\n",
      " 9.5891e-01  1.1288e-06  9.9994e-01\n",
      " 9.5891e-01  1.1288e-06  9.9994e-01\n",
      "                 ⋮                  \n",
      " 9.9961e-01  1.2776e-06  3.1066e-05\n",
      " 9.9960e-01  1.2393e-06  3.1054e-05\n",
      " 9.9959e-01  1.2023e-06  3.1038e-05\n",
      "[torch.FloatTensor of size 24021x3]\n",
      "\n",
      "Variable containing:\n",
      " 9.5579e-01  7.0327e-07  9.9974e-01\n",
      " 9.5579e-01  7.0327e-07  9.9974e-01\n",
      " 9.5579e-01  7.0327e-07  9.9974e-01\n",
      "                 ⋮                  \n",
      " 9.9949e-01  3.2129e-07  5.3120e-07\n",
      " 9.9948e-01  3.1165e-07  5.3066e-07\n",
      " 9.9947e-01  3.0237e-07  5.3005e-07\n",
      "[torch.FloatTensor of size 24021x3]\n",
      "\n",
      "Variable containing:\n",
      " 9.5253e-01  4.5276e-07  9.9899e-01\n",
      " 9.5253e-01  4.5276e-07  9.9899e-01\n",
      " 9.5253e-01  4.5276e-07  9.9899e-01\n",
      "                 ⋮                  \n",
      " 9.9933e-01  8.9381e-08  1.1774e-08\n",
      " 9.9931e-01  8.6703e-08  1.1756e-08\n",
      " 9.9930e-01  8.4122e-08  1.1735e-08\n",
      "[torch.FloatTensor of size 24021x3]\n",
      "\n",
      "Variable containing:\n",
      " 9.4940e-01  3.0285e-07  9.9644e-01\n",
      " 9.4940e-01  3.0285e-07  9.9644e-01\n",
      " 9.4940e-01  3.0285e-07  9.9644e-01\n",
      "                 ⋮                  \n",
      " 9.9913e-01  2.7914e-08  3.6045e-10\n",
      " 9.9912e-01  2.7078e-08  3.5968e-10\n",
      " 9.9910e-01  2.6273e-08  3.5886e-10\n",
      "[torch.FloatTensor of size 24021x3]\n",
      "\n",
      "Variable containing:\n",
      " 9.4671e-01  2.1055e-07  9.8880e-01\n",
      " 9.4671e-01  2.1055e-07  9.8880e-01\n",
      " 9.4671e-01  2.1055e-07  9.8880e-01\n",
      "                 ⋮                  \n",
      " 9.9892e-01  9.7867e-09  1.5216e-11\n",
      " 9.9890e-01  9.4939e-09  1.5176e-11\n",
      " 9.9888e-01  9.2117e-09  1.5134e-11\n",
      "[torch.FloatTensor of size 24021x3]\n",
      "\n",
      "Variable containing:\n",
      " 9.4479e-01  1.5183e-07  9.6863e-01\n",
      " 9.4479e-01  1.5183e-07  9.6863e-01\n",
      " 9.4479e-01  1.5183e-07  9.6863e-01\n",
      "                 ⋮                  \n",
      " 9.9872e-01  3.8253e-09  8.6489e-13\n",
      " 9.9869e-01  3.7109e-09  8.6224e-13\n",
      " 9.9867e-01  3.6007e-09  8.5947e-13\n",
      "[torch.FloatTensor of size 24021x3]\n",
      "\n",
      "Variable containing:\n",
      " 9.4396e-01  1.1322e-07  9.2243e-01\n",
      " 9.4396e-01  1.1322e-07  9.2243e-01\n",
      " 9.4396e-01  1.1322e-07  9.2243e-01\n",
      "                 ⋮                  \n",
      " 9.9856e-01  1.6505e-09  6.4564e-14\n",
      " 9.9853e-01  1.6012e-09  6.4340e-14\n",
      " 9.9850e-01  1.5536e-09  6.4107e-14\n",
      "[torch.FloatTensor of size 24021x3]\n",
      "\n",
      "Variable containing:\n",
      " 9.4435e-01  8.7014e-08  8.3317e-01\n",
      " 9.4435e-01  8.7014e-08  8.3317e-01\n",
      " 9.4435e-01  8.7014e-08  8.3317e-01\n",
      "                 ⋮                  \n",
      " 9.9848e-01  7.7803e-10  6.1697e-15\n",
      " 9.9845e-01  7.5481e-10  6.1460e-15\n",
      " 9.9842e-01  7.3241e-10  6.1215e-15\n",
      "[torch.FloatTensor of size 24021x3]\n",
      "\n",
      "Variable containing:\n",
      " 9.4594e-01  6.8696e-08  6.9381e-01\n",
      " 9.4594e-01  6.8696e-08  6.9381e-01\n",
      " 9.4594e-01  6.8696e-08  6.9381e-01\n",
      "                 ⋮                  \n",
      " 9.9850e-01  3.9677e-10  7.3581e-16\n",
      " 9.9847e-01  3.8494e-10  7.3274e-16\n",
      " 9.9844e-01  3.7353e-10  7.2958e-16\n",
      "[torch.FloatTensor of size 24021x3]\n",
      "\n",
      "Variable containing:\n",
      " 9.4847e-01  5.5546e-08  5.2420e-01\n",
      " 9.4847e-01  5.5546e-08  5.2420e-01\n",
      " 9.4847e-01  5.5546e-08  5.2420e-01\n",
      "                 ⋮                  \n",
      " 9.9860e-01  2.1696e-10  1.0708e-16\n",
      " 9.9857e-01  2.1049e-10  1.0660e-16\n",
      " 9.9855e-01  2.0426e-10  1.0611e-16\n",
      "[torch.FloatTensor of size 24021x3]\n",
      "\n",
      "Variable containing:\n",
      " 9.5160e-01  4.5877e-08  3.6339e-01\n",
      " 9.5160e-01  4.5877e-08  3.6339e-01\n",
      " 9.5160e-01  4.5877e-08  3.6339e-01\n",
      "                 ⋮                  \n",
      " 9.9875e-01  1.2620e-10  1.8675e-17\n",
      " 9.9872e-01  1.2244e-10  1.8587e-17\n",
      " 9.9870e-01  1.1881e-10  1.8496e-17\n",
      "[torch.FloatTensor of size 24021x3]\n",
      "\n",
      "Variable containing:\n",
      " 9.5497e-01  3.8612e-08  2.3892e-01\n",
      " 9.5497e-01  3.8612e-08  2.3892e-01\n",
      " 9.5497e-01  3.8612e-08  2.3892e-01\n",
      "                 ⋮                  \n",
      " 9.9890e-01  7.7531e-11  3.8464e-18\n",
      " 9.9888e-01  7.5221e-11  3.8272e-18\n",
      " 9.9886e-01  7.2994e-11  3.8076e-18\n",
      "[torch.FloatTensor of size 24021x3]\n",
      "\n",
      "Variable containing:\n",
      " 9.5827e-01  3.3045e-08  1.5443e-01\n",
      " 9.5827e-01  3.3045e-08  1.5443e-01\n",
      " 9.5827e-01  3.3045e-08  1.5443e-01\n",
      "                 ⋮                  \n",
      " 9.9905e-01  4.9999e-11  9.2332e-19\n",
      " 9.9904e-01  4.8510e-11  9.1852e-19\n",
      " 9.9902e-01  4.7075e-11  9.1361e-19\n",
      "[torch.FloatTensor of size 24021x3]\n",
      "\n",
      "Variable containing:\n",
      " 9.6129e-01  2.8705e-08  1.0069e-01\n",
      " 9.6129e-01  2.8705e-08  1.0069e-01\n",
      " 9.6129e-01  2.8705e-08  1.0069e-01\n",
      "                 ⋮                  \n",
      " 9.9918e-01  3.3662e-11  2.5498e-19\n",
      " 9.9916e-01  3.2660e-11  2.5361e-19\n",
      " 9.9915e-01  3.1693e-11  2.5220e-19\n",
      "[torch.FloatTensor of size 24021x3]\n",
      "\n",
      "Variable containing:\n",
      " 9.6393e-01  2.5267e-08  6.7174e-02\n",
      " 9.6393e-01  2.5267e-08  6.7174e-02\n",
      " 9.6393e-01  2.5267e-08  6.7174e-02\n",
      "                 ⋮                  \n",
      " 9.9927e-01  2.3545e-11  7.9981e-20\n",
      " 9.9926e-01  2.2844e-11  7.9535e-20\n",
      " 9.9925e-01  2.2169e-11  7.9079e-20\n",
      "[torch.FloatTensor of size 24021x3]\n",
      "\n",
      "Variable containing:\n",
      " 9.6614e-01  2.2504e-08  4.6151e-02\n",
      " 9.6614e-01  2.2504e-08  4.6151e-02\n",
      " 9.6614e-01  2.2504e-08  4.6151e-02\n",
      "                 ⋮                  \n",
      " 9.9934e-01  1.7038e-11  2.8152e-20\n",
      " 9.9933e-01  1.6531e-11  2.7990e-20\n",
      " 9.9932e-01  1.6041e-11  2.7825e-20\n",
      "[torch.FloatTensor of size 24021x3]\n",
      "\n",
      "Variable containing:\n",
      " 9.6791e-01  2.0255e-08  3.2713e-02\n",
      " 9.6791e-01  2.0255e-08  3.2713e-02\n",
      " 9.6791e-01  2.0255e-08  3.2713e-02\n",
      "                 ⋮                  \n",
      " 9.9939e-01  1.2706e-11  1.0995e-20\n",
      " 9.9938e-01  1.2328e-11  1.0930e-20\n",
      " 9.9937e-01  1.1964e-11  1.0864e-20\n",
      "[torch.FloatTensor of size 24021x3]\n",
      "\n",
      "Variable containing:\n",
      " 9.6929e-01  1.8402e-08  2.3912e-02\n",
      " 9.6929e-01  1.8402e-08  2.3912e-02\n",
      " 9.6929e-01  1.8402e-08  2.3912e-02\n",
      "                 ⋮                  \n",
      " 9.9942e-01  9.7343e-12  4.7162e-21\n",
      " 9.9940e-01  9.4446e-12  4.6878e-21\n",
      " 9.9939e-01  9.1653e-12  4.6589e-21\n",
      "[torch.FloatTensor of size 24021x3]\n",
      "\n",
      "Variable containing:\n",
      " 9.7031e-01  1.6859e-08  1.7996e-02\n",
      " 9.7031e-01  1.6859e-08  1.7996e-02\n",
      " 9.7031e-01  1.6859e-08  1.7996e-02\n",
      "                 ⋮                  \n",
      " 9.9942e-01  7.6379e-12  2.2012e-21\n",
      " 9.9941e-01  7.4107e-12  2.1877e-21\n",
      " 9.9940e-01  7.1915e-12  2.1739e-21\n",
      "[torch.FloatTensor of size 24021x3]\n",
      "\n",
      "Variable containing:\n",
      " 9.7102e-01  1.5560e-08  1.3916e-02\n",
      " 9.7102e-01  1.5560e-08  1.3916e-02\n",
      " 9.7102e-01  1.5560e-08  1.3916e-02\n",
      "                 ⋮                  \n",
      " 9.9941e-01  6.1223e-12  1.1085e-21\n",
      " 9.9940e-01  5.9401e-12  1.1016e-21\n",
      " 9.9939e-01  5.7644e-12  1.0945e-21\n",
      "[torch.FloatTensor of size 24021x3]\n",
      "\n",
      "Variable containing:\n",
      " 9.7148e-01  1.4457e-08  1.1032e-02\n",
      " 9.7148e-01  1.4457e-08  1.1032e-02\n",
      " 9.7148e-01  1.4457e-08  1.1032e-02\n",
      "                 ⋮                  \n",
      " 9.9939e-01  5.0016e-12  5.9775e-22\n",
      " 9.9938e-01  4.8528e-12  5.9396e-22\n",
      " 9.9936e-01  4.7092e-12  5.9010e-22\n",
      "[torch.FloatTensor of size 24021x3]\n",
      "\n",
      "Variable containing:\n",
      " 9.7175e-01  1.3513e-08  8.9458e-03\n",
      " 9.7175e-01  1.3513e-08  8.9458e-03\n",
      " 9.7175e-01  1.3513e-08  8.9458e-03\n",
      "                 ⋮                  \n",
      " 9.9935e-01  4.1559e-12  3.4282e-22\n",
      " 9.9933e-01  4.0322e-12  3.4062e-22\n",
      " 9.9932e-01  3.9130e-12  3.3838e-22\n",
      "[torch.FloatTensor of size 24021x3]\n",
      "\n"
     ]
    },
    {
     "name": "stdout",
     "output_type": "stream",
     "text": [
      "Variable containing:\n",
      " 9.7187e-01  1.2697e-08  7.4053e-03\n",
      " 9.7187e-01  1.2697e-08  7.4053e-03\n",
      " 9.7187e-01  1.2697e-08  7.4053e-03\n",
      "                 ⋮                  \n",
      " 9.9929e-01  3.5059e-12  2.0783e-22\n",
      " 9.9928e-01  3.4016e-12  2.0648e-22\n",
      " 9.9927e-01  3.3010e-12  2.0510e-22\n",
      "[torch.FloatTensor of size 24021x3]\n",
      "\n",
      "Variable containing:\n",
      " 9.7193e-01  1.1988e-08  6.2456e-03\n",
      " 9.7193e-01  1.1988e-08  6.2456e-03\n",
      " 9.7193e-01  1.1988e-08  6.2456e-03\n",
      "                 ⋮                  \n",
      " 9.9923e-01  2.9978e-12  1.3244e-22\n",
      " 9.9922e-01  2.9086e-12  1.3157e-22\n",
      " 9.9920e-01  2.8226e-12  1.3069e-22\n",
      "[torch.FloatTensor of size 24021x3]\n",
      "\n",
      "Variable containing:\n",
      " 9.7198e-01  1.1366e-08  5.3572e-03\n",
      " 9.7198e-01  1.1366e-08  5.3572e-03\n",
      " 9.7198e-01  1.1366e-08  5.3572e-03\n",
      "                 ⋮                  \n",
      " 9.9916e-01  2.5945e-12  8.8280e-23\n",
      " 9.9915e-01  2.5174e-12  8.7694e-23\n",
      " 9.9913e-01  2.4429e-12  8.7098e-23\n",
      "[torch.FloatTensor of size 24021x3]\n",
      "\n",
      "Variable containing:\n",
      " 9.7209e-01  1.0817e-08  4.6656e-03\n",
      " 9.7209e-01  1.0817e-08  4.6656e-03\n",
      " 9.7209e-01  1.0817e-08  4.6656e-03\n",
      "                 ⋮                  \n",
      " 9.9909e-01  2.2699e-12  6.1274e-23\n",
      " 9.9908e-01  2.2024e-12  6.0864e-23\n",
      " 9.9906e-01  2.1372e-12  6.0447e-23\n",
      "[torch.FloatTensor of size 24021x3]\n",
      "\n",
      "Variable containing:\n",
      " 9.7232e-01  1.0330e-08  4.1196e-03\n",
      " 9.7232e-01  1.0330e-08  4.1196e-03\n",
      " 9.7232e-01  1.0330e-08  4.1196e-03\n",
      "                 ⋮                  \n",
      " 9.9903e-01  2.0052e-12  4.4109e-23\n",
      " 9.9901e-01  1.9455e-12  4.3811e-23\n",
      " 9.9900e-01  1.8879e-12  4.3509e-23\n",
      "[torch.FloatTensor of size 24021x3]\n",
      "\n",
      "Variable containing:\n",
      " 9.7271e-01  9.8950e-09  3.6829e-03\n",
      " 9.7271e-01  9.8950e-09  3.6829e-03\n",
      " 9.7271e-01  9.8950e-09  3.6829e-03\n",
      "                 ⋮                  \n",
      " 9.9898e-01  1.7867e-12  3.2812e-23\n",
      " 9.9896e-01  1.7335e-12  3.2589e-23\n",
      " 9.9895e-01  1.6822e-12  3.2363e-23\n",
      "[torch.FloatTensor of size 24021x3]\n",
      "\n",
      "Variable containing:\n",
      " 9.7329e-01  9.5040e-09  3.3295e-03\n",
      " 9.7329e-01  9.5040e-09  3.3295e-03\n",
      " 9.7329e-01  9.5040e-09  3.3295e-03\n",
      "                 ⋮                  \n",
      " 9.9895e-01  1.6043e-12  2.5140e-23\n",
      " 9.9893e-01  1.5566e-12  2.4968e-23\n",
      " 9.9892e-01  1.5105e-12  2.4794e-23\n",
      "[torch.FloatTensor of size 24021x3]\n",
      "\n",
      "Variable containing:\n",
      " 9.7405e-01  9.1507e-09  3.0404e-03\n",
      " 9.7405e-01  9.1507e-09  3.0404e-03\n",
      " 9.7405e-01  9.1507e-09  3.0404e-03\n",
      "                 ⋮                  \n",
      " 9.9895e-01  1.4506e-12  1.9781e-23\n",
      " 9.9893e-01  1.4074e-12  1.9645e-23\n",
      " 9.9891e-01  1.3657e-12  1.9507e-23\n",
      "[torch.FloatTensor of size 24021x3]\n",
      "\n",
      "Variable containing:\n",
      " 9.7496e-01  8.8297e-09  2.8018e-03\n",
      " 9.7496e-01  8.8297e-09  2.8018e-03\n",
      " 9.7496e-01  8.8297e-09  2.8018e-03\n",
      "                 ⋮                  \n",
      " 9.9896e-01  1.3197e-12  1.5942e-23\n",
      " 9.9894e-01  1.2804e-12  1.5832e-23\n",
      " 9.9893e-01  1.2425e-12  1.5720e-23\n",
      "[torch.FloatTensor of size 24021x3]\n",
      "\n",
      "Variable containing:\n",
      " 9.7599e-01  8.5365e-09  2.6030e-03\n",
      " 9.7599e-01  8.5365e-09  2.6030e-03\n",
      " 9.7599e-01  8.5365e-09  2.6030e-03\n",
      "                 ⋮                  \n",
      " 9.9900e-01  1.2072e-12  1.3127e-23\n",
      " 9.9898e-01  1.1713e-12  1.3036e-23\n",
      " 9.9896e-01  1.1366e-12  1.2944e-23\n",
      "[torch.FloatTensor of size 24021x3]\n",
      "\n",
      "Variable containing:\n",
      " 9.7708e-01  8.2675e-09  2.4363e-03\n",
      " 9.7708e-01  8.2675e-09  2.4363e-03\n",
      " 9.7708e-01  8.2675e-09  2.4363e-03\n",
      "                 ⋮                  \n",
      " 9.9904e-01  1.1098e-12  1.1022e-23\n",
      " 9.9902e-01  1.0767e-12  1.0945e-23\n",
      " 9.9901e-01  1.0449e-12  1.0867e-23\n",
      "[torch.FloatTensor of size 24021x3]\n",
      "\n",
      "Variable containing:\n",
      " 9.7817e-01  8.0194e-09  2.2953e-03\n",
      " 9.7817e-01  8.0194e-09  2.2953e-03\n",
      " 9.7817e-01  8.0194e-09  2.2953e-03\n",
      "                 ⋮                  \n",
      " 9.9909e-01  1.0247e-12  9.4163e-24\n",
      " 9.9907e-01  9.9418e-13  9.3504e-24\n",
      " 9.9906e-01  9.6473e-13  9.2837e-24\n",
      "[torch.FloatTensor of size 24021x3]\n",
      "\n",
      "Variable containing:\n",
      " 9.7923e-01  7.7896e-09  2.1754e-03\n",
      " 9.7923e-01  7.7896e-09  2.1754e-03\n",
      " 9.7923e-01  7.7896e-09  2.1754e-03\n",
      "                 ⋮                  \n",
      " 9.9914e-01  9.4985e-13  8.1719e-24\n",
      " 9.9912e-01  9.2156e-13  8.1146e-24\n",
      " 9.9911e-01  8.9426e-13  8.0565e-24\n",
      "[torch.FloatTensor of size 24021x3]\n",
      "\n",
      "Variable containing:\n",
      " 9.8022e-01  7.5759e-09  2.0729e-03\n",
      " 9.8022e-01  7.5759e-09  2.0729e-03\n",
      " 9.8022e-01  7.5759e-09  2.0729e-03\n",
      "                 ⋮                  \n",
      " 9.9918e-01  8.8354e-13  7.1925e-24\n",
      " 9.9917e-01  8.5722e-13  7.1420e-24\n",
      " 9.9915e-01  8.3182e-13  7.0908e-24\n",
      "[torch.FloatTensor of size 24021x3]\n",
      "\n",
      "Variable containing:\n",
      " 9.8111e-01  7.3763e-09  1.9848e-03\n",
      " 9.8111e-01  7.3763e-09  1.9848e-03\n",
      " 9.8111e-01  7.3763e-09  1.9848e-03\n",
      "                 ⋮                  \n",
      " 9.9922e-01  8.2441e-13  6.4114e-24\n",
      " 9.9921e-01  7.9984e-13  6.3662e-24\n",
      " 9.9919e-01  7.7614e-13  6.3204e-24\n",
      "[torch.FloatTensor of size 24021x3]\n",
      "\n",
      "Variable containing:\n",
      " 9.8190e-01  7.1890e-09  1.9087e-03\n",
      " 9.8190e-01  7.1890e-09  1.9087e-03\n",
      " 9.8190e-01  7.1890e-09  1.9087e-03\n",
      "                 ⋮                  \n",
      " 9.9925e-01  7.7137e-13  5.7805e-24\n",
      " 9.9923e-01  7.4838e-13  5.7397e-24\n",
      " 9.9922e-01  7.2620e-13  5.6983e-24\n",
      "[torch.FloatTensor of size 24021x3]\n",
      "\n",
      "Variable containing:\n",
      " 9.8259e-01  7.0128e-09  1.8427e-03\n",
      " 9.8259e-01  7.0128e-09  1.8427e-03\n",
      " 9.8259e-01  7.0128e-09  1.8427e-03\n",
      "                 ⋮                  \n",
      " 9.9926e-01  7.2351e-13  5.2654e-24\n",
      " 9.9925e-01  7.0195e-13  5.2282e-24\n",
      " 9.9924e-01  6.8114e-13  5.1904e-24\n",
      "[torch.FloatTensor of size 24021x3]\n",
      "\n",
      "Variable containing:\n",
      " 9.8318e-01  6.8464e-09  1.7852e-03\n",
      " 9.8318e-01  6.8464e-09  1.7852e-03\n",
      " 9.8318e-01  6.8464e-09  1.7852e-03\n",
      "                 ⋮                  \n",
      " 9.9927e-01  6.8012e-13  4.8407e-24\n",
      " 9.9926e-01  6.5984e-13  4.8064e-24\n",
      " 9.9925e-01  6.4028e-13  4.7717e-24\n",
      "[torch.FloatTensor of size 24021x3]\n",
      "\n",
      "Variable containing:\n",
      " 9.8369e-01  6.6887e-09  1.7350e-03\n",
      " 9.8369e-01  6.6887e-09  1.7350e-03\n",
      " 9.8369e-01  6.6887e-09  1.7350e-03\n",
      "                 ⋮                  \n",
      " 9.9927e-01  6.4057e-13  4.4873e-24\n",
      " 9.9926e-01  6.2147e-13  4.4555e-24\n",
      " 9.9925e-01  6.0305e-13  4.4232e-24\n",
      "[torch.FloatTensor of size 24021x3]\n",
      "\n",
      "Variable containing:\n",
      " 9.8413e-01  6.5388e-09  1.6910e-03\n",
      " 9.8413e-01  6.5388e-09  1.6910e-03\n",
      " 9.8413e-01  6.5388e-09  1.6910e-03\n",
      "                 ⋮                  \n",
      " 9.9926e-01  6.0439e-13  4.1909e-24\n",
      " 9.9925e-01  5.8636e-13  4.1611e-24\n",
      " 9.9924e-01  5.6898e-13  4.1309e-24\n",
      "[torch.FloatTensor of size 24021x3]\n",
      "\n",
      "Variable containing:\n",
      " 9.8451e-01  6.3958e-09  1.6524e-03\n",
      " 9.8451e-01  6.3958e-09  1.6524e-03\n",
      " 9.8451e-01  6.3958e-09  1.6524e-03\n",
      "                 ⋮                  \n",
      " 9.9925e-01  5.7112e-13  3.9404e-24\n",
      " 9.9924e-01  5.5409e-13  3.9124e-24\n",
      " 9.9922e-01  5.3766e-13  3.8839e-24\n",
      "[torch.FloatTensor of size 24021x3]\n",
      "\n",
      "Variable containing:\n",
      " 9.8486e-01  6.2592e-09  1.6184e-03\n",
      " 9.8486e-01  6.2592e-09  1.6184e-03\n",
      " 9.8486e-01  6.2592e-09  1.6184e-03\n",
      "                 ⋮                  \n",
      " 9.9923e-01  5.4044e-13  3.7274e-24\n",
      " 9.9922e-01  5.2432e-13  3.7009e-24\n",
      " 9.9921e-01  5.0877e-13  3.6739e-24\n",
      "[torch.FloatTensor of size 24021x3]\n",
      "\n",
      "Variable containing:\n",
      " 9.8520e-01  6.1283e-09  1.5884e-03\n",
      " 9.8520e-01  6.1283e-09  1.5884e-03\n",
      " 9.8520e-01  6.1283e-09  1.5884e-03\n",
      "                 ⋮                  \n",
      " 9.9922e-01  5.1204e-13  3.5453e-24\n",
      " 9.9920e-01  4.9676e-13  3.5200e-24\n",
      " 9.9919e-01  4.8203e-13  3.4944e-24\n",
      "[torch.FloatTensor of size 24021x3]\n",
      "\n",
      "Variable containing:\n",
      " 9.8554e-01  6.0026e-09  1.5619e-03\n",
      " 9.8554e-01  6.0026e-09  1.5619e-03\n",
      " 9.8554e-01  6.0026e-09  1.5619e-03\n",
      "                 ⋮                  \n",
      " 9.9920e-01  4.8567e-13  3.3886e-24\n",
      " 9.9918e-01  4.7118e-13  3.3645e-24\n",
      " 9.9917e-01  4.5720e-13  3.3399e-24\n",
      "[torch.FloatTensor of size 24021x3]\n",
      "\n",
      "Variable containing:\n",
      " 9.8589e-01  5.8816e-09  1.5384e-03\n",
      " 9.8589e-01  5.8816e-09  1.5384e-03\n",
      " 9.8589e-01  5.8816e-09  1.5384e-03\n",
      "                 ⋮                  \n",
      " 9.9919e-01  4.6112e-13  3.2534e-24\n",
      " 9.9917e-01  4.4736e-13  3.2301e-24\n",
      " 9.9916e-01  4.3408e-13  3.2065e-24\n",
      "[torch.FloatTensor of size 24021x3]\n",
      "\n",
      "Variable containing:\n",
      " 9.8626e-01  5.7649e-09  1.5176e-03\n",
      " 9.8626e-01  5.7649e-09  1.5176e-03\n",
      " 9.8626e-01  5.7649e-09  1.5176e-03\n",
      "                 ⋮                  \n",
      " 9.9918e-01  4.3818e-13  3.1360e-24\n",
      " 9.9916e-01  4.2511e-13  3.1135e-24\n",
      " 9.9915e-01  4.1249e-13  3.0908e-24\n",
      "[torch.FloatTensor of size 24021x3]\n",
      "\n",
      "Variable containing:\n",
      " 9.8666e-01  5.6521e-09  1.4991e-03\n",
      " 9.8666e-01  5.6521e-09  1.4991e-03\n",
      " 9.8666e-01  5.6521e-09  1.4991e-03\n",
      "                 ⋮                  \n",
      " 9.9917e-01  4.1672e-13  3.0338e-24\n",
      " 9.9916e-01  4.0428e-13  3.0120e-24\n",
      " 9.9915e-01  3.9228e-13  2.9900e-24\n",
      "[torch.FloatTensor of size 24021x3]\n",
      "\n",
      "Variable containing:\n",
      " 9.8708e-01  5.5430e-09  1.4827e-03\n",
      " 9.8708e-01  5.5430e-09  1.4827e-03\n",
      " 9.8708e-01  5.5430e-09  1.4827e-03\n",
      "                 ⋮                  \n",
      " 9.9918e-01  3.9658e-13  2.9444e-24\n",
      " 9.9917e-01  3.8474e-13  2.9233e-24\n",
      " 9.9915e-01  3.7333e-13  2.9019e-24\n",
      "[torch.FloatTensor of size 24021x3]\n",
      "\n"
     ]
    },
    {
     "name": "stdout",
     "output_type": "stream",
     "text": [
      "Variable containing:\n",
      " 9.8752e-01  5.4373e-09  1.4680e-03\n",
      " 9.8752e-01  5.4373e-09  1.4680e-03\n",
      " 9.8752e-01  5.4373e-09  1.4680e-03\n",
      "                 ⋮                  \n",
      " 9.9919e-01  3.7766e-13  2.8661e-24\n",
      " 9.9918e-01  3.6638e-13  2.8455e-24\n",
      " 9.9916e-01  3.5550e-13  2.8247e-24\n",
      "[torch.FloatTensor of size 24021x3]\n",
      "\n",
      "Variable containing:\n",
      " 9.8797e-01  5.3346e-09  1.4550e-03\n",
      " 9.8797e-01  5.3346e-09  1.4550e-03\n",
      " 9.8797e-01  5.3346e-09  1.4550e-03\n",
      "                 ⋮                  \n",
      " 9.9921e-01  3.5983e-13  2.7972e-24\n",
      " 9.9919e-01  3.4908e-13  2.7771e-24\n",
      " 9.9918e-01  3.3872e-13  2.7568e-24\n",
      "[torch.FloatTensor of size 24021x3]\n",
      "\n",
      "Variable containing:\n",
      " 9.8842e-01  5.2348e-09  1.4434e-03\n",
      " 9.8842e-01  5.2348e-09  1.4434e-03\n",
      " 9.8842e-01  5.2348e-09  1.4434e-03\n",
      "                 ⋮                  \n",
      " 9.9923e-01  3.4300e-13  2.7364e-24\n",
      " 9.9921e-01  3.3276e-13  2.7167e-24\n",
      " 9.9920e-01  3.2288e-13  2.6968e-24\n",
      "[torch.FloatTensor of size 24021x3]\n",
      "\n",
      "Variable containing:\n",
      " 9.8886e-01  5.1378e-09  1.4330e-03\n",
      " 9.8886e-01  5.1378e-09  1.4330e-03\n",
      " 9.8886e-01  5.1378e-09  1.4330e-03\n",
      "                 ⋮                  \n",
      " 9.9925e-01  3.2710e-13  2.6826e-24\n",
      " 9.9923e-01  3.1733e-13  2.6633e-24\n",
      " 9.9922e-01  3.0791e-13  2.6438e-24\n",
      "[torch.FloatTensor of size 24021x3]\n",
      "\n",
      "Variable containing:\n",
      " 9.8929e-01  5.0432e-09  1.4237e-03\n",
      " 9.8929e-01  5.0432e-09  1.4237e-03\n",
      " 9.8929e-01  5.0432e-09  1.4237e-03\n",
      "                 ⋮                  \n",
      " 9.9927e-01  3.1206e-13  2.6349e-24\n",
      " 9.9926e-01  3.0273e-13  2.6159e-24\n",
      " 9.9924e-01  2.9374e-13  2.5968e-24\n",
      "[torch.FloatTensor of size 24021x3]\n",
      "\n",
      "Variable containing:\n",
      " 9.8969e-01  4.9511e-09  1.4154e-03\n",
      " 9.8969e-01  4.9511e-09  1.4154e-03\n",
      " 9.8969e-01  4.9511e-09  1.4154e-03\n",
      "                 ⋮                  \n",
      " 9.9929e-01  2.9780e-13  2.5924e-24\n",
      " 9.9927e-01  2.8890e-13  2.5738e-24\n",
      " 9.9926e-01  2.8032e-13  2.5549e-24\n",
      "[torch.FloatTensor of size 24021x3]\n",
      "\n",
      "Variable containing:\n",
      " 9.9007e-01  4.8611e-09  1.4080e-03\n",
      " 9.9007e-01  4.8611e-09  1.4080e-03\n",
      " 9.9007e-01  4.8611e-09  1.4080e-03\n",
      "                 ⋮                  \n",
      " 9.9930e-01  2.8427e-13  2.5546e-24\n",
      " 9.9929e-01  2.7578e-13  2.5362e-24\n",
      " 9.9928e-01  2.6758e-13  2.5176e-24\n",
      "[torch.FloatTensor of size 24021x3]\n",
      "\n",
      "Variable containing:\n",
      " 9.9042e-01  4.7734e-09  1.4014e-03\n",
      " 9.9042e-01  4.7734e-09  1.4014e-03\n",
      " 9.9042e-01  4.7734e-09  1.4014e-03\n",
      "                 ⋮                  \n",
      " 9.9932e-01  2.7142e-13  2.5207e-24\n",
      " 9.9930e-01  2.6331e-13  2.5026e-24\n",
      " 9.9929e-01  2.5549e-13  2.4843e-24\n",
      "[torch.FloatTensor of size 24021x3]\n",
      "\n",
      "Variable containing:\n",
      " 9.9074e-01  4.6875e-09  1.3955e-03\n",
      " 9.9074e-01  4.6875e-09  1.3955e-03\n",
      " 9.9074e-01  4.6875e-09  1.3955e-03\n",
      "                 ⋮                  \n",
      " 9.9933e-01  2.5921e-13  2.4905e-24\n",
      " 9.9931e-01  2.5146e-13  2.4725e-24\n",
      " 9.9930e-01  2.4399e-13  2.4544e-24\n",
      "[torch.FloatTensor of size 24021x3]\n",
      "\n",
      "Variable containing:\n",
      " 9.9103e-01  4.6036e-09  1.3901e-03\n",
      " 9.9103e-01  4.6036e-09  1.3901e-03\n",
      " 9.9103e-01  4.6036e-09  1.3901e-03\n",
      "                 ⋮                  \n",
      " 9.9933e-01  2.4759e-13  2.4633e-24\n",
      " 9.9932e-01  2.4019e-13  2.4456e-24\n",
      " 9.9931e-01  2.3305e-13  2.4276e-24\n",
      "[torch.FloatTensor of size 24021x3]\n",
      "\n",
      "Variable containing:\n",
      " 9.9130e-01  4.5216e-09  1.3854e-03\n",
      " 9.9130e-01  4.5216e-09  1.3854e-03\n",
      " 9.9130e-01  4.5216e-09  1.3854e-03\n",
      "                 ⋮                  \n",
      " 9.9934e-01  2.3653e-13  2.4388e-24\n",
      " 9.9932e-01  2.2946e-13  2.4213e-24\n",
      " 9.9931e-01  2.2264e-13  2.4035e-24\n",
      "[torch.FloatTensor of size 24021x3]\n",
      "\n",
      "Variable containing:\n",
      " 9.9155e-01  4.4413e-09  1.3811e-03\n",
      " 9.9155e-01  4.4413e-09  1.3811e-03\n",
      " 9.9155e-01  4.4413e-09  1.3811e-03\n",
      "                 ⋮                  \n",
      " 9.9934e-01  2.2600e-13  2.4167e-24\n",
      " 9.9933e-01  2.1924e-13  2.3994e-24\n",
      " 9.9931e-01  2.1272e-13  2.3818e-24\n",
      "[torch.FloatTensor of size 24021x3]\n",
      "\n",
      "Variable containing:\n",
      " 9.9179e-01  4.3626e-09  1.3773e-03\n",
      " 9.9179e-01  4.3626e-09  1.3773e-03\n",
      " 9.9179e-01  4.3626e-09  1.3773e-03\n",
      "                 ⋮                  \n",
      " 9.9934e-01  2.1596e-13  2.3969e-24\n",
      " 9.9933e-01  2.0950e-13  2.3796e-24\n",
      " 9.9931e-01  2.0327e-13  2.3621e-24\n",
      "[torch.FloatTensor of size 24021x3]\n",
      "\n",
      "Variable containing:\n",
      " 9.9202e-01  4.2856e-09  1.3738e-03\n",
      " 9.9202e-01  4.2856e-09  1.3738e-03\n",
      " 9.9202e-01  4.2856e-09  1.3738e-03\n",
      "                 ⋮                  \n",
      " 9.9934e-01  2.0639e-13  2.3789e-24\n",
      " 9.9932e-01  2.0021e-13  2.3618e-24\n",
      " 9.9931e-01  1.9426e-13  2.3444e-24\n",
      "[torch.FloatTensor of size 24021x3]\n",
      "\n",
      "Variable containing:\n",
      " 9.9225e-01  4.2101e-09  1.3707e-03\n",
      " 9.9225e-01  4.2101e-09  1.3707e-03\n",
      " 9.9225e-01  4.2101e-09  1.3707e-03\n",
      "                 ⋮                  \n",
      " 9.9934e-01  1.9726e-13  2.3626e-24\n",
      " 9.9932e-01  1.9136e-13  2.3456e-24\n",
      " 9.9931e-01  1.8567e-13  2.3284e-24\n",
      "[torch.FloatTensor of size 24021x3]\n",
      "\n",
      "Variable containing:\n",
      " 9.9247e-01  4.1361e-09  1.3680e-03\n",
      " 9.9247e-01  4.1361e-09  1.3680e-03\n",
      " 9.9247e-01  4.1361e-09  1.3680e-03\n",
      "                 ⋮                  \n",
      " 9.9934e-01  1.8855e-13  2.3479e-24\n",
      " 9.9933e-01  1.8291e-13  2.3310e-24\n",
      " 9.9931e-01  1.7747e-13  2.3138e-24\n",
      "[torch.FloatTensor of size 24021x3]\n",
      "\n",
      "Variable containing:\n",
      " 9.9269e-01  4.0636e-09  1.3655e-03\n",
      " 9.9269e-01  4.0636e-09  1.3655e-03\n",
      " 9.9269e-01  4.0636e-09  1.3655e-03\n",
      "                 ⋮                  \n",
      " 9.9934e-01  1.8024e-13  2.3345e-24\n",
      " 9.9933e-01  1.7485e-13  2.3177e-24\n",
      " 9.9932e-01  1.6965e-13  2.3007e-24\n",
      "[torch.FloatTensor of size 24021x3]\n",
      "\n",
      "Variable containing:\n",
      " 9.9291e-01  3.9924e-09  1.3633e-03\n",
      " 9.9291e-01  3.9924e-09  1.3633e-03\n",
      " 9.9291e-01  3.9924e-09  1.3633e-03\n",
      "                 ⋮                  \n",
      " 9.9935e-01  1.7231e-13  2.3223e-24\n",
      " 9.9933e-01  1.6716e-13  2.3056e-24\n",
      " 9.9932e-01  1.6219e-13  2.2887e-24\n",
      "[torch.FloatTensor of size 24021x3]\n",
      "\n",
      "Variable containing:\n",
      " 9.9314e-01  3.9226e-09  1.3613e-03\n",
      " 9.9314e-01  3.9226e-09  1.3613e-03\n",
      " 9.9314e-01  3.9226e-09  1.3613e-03\n",
      "                 ⋮                  \n",
      " 9.9935e-01  1.6474e-13  2.3113e-24\n",
      " 9.9934e-01  1.5981e-13  2.2947e-24\n",
      " 9.9933e-01  1.5506e-13  2.2778e-24\n",
      "[torch.FloatTensor of size 24021x3]\n",
      "\n",
      "Variable containing:\n",
      " 9.9336e-01  3.8542e-09  1.3595e-03\n",
      " 9.9336e-01  3.8542e-09  1.3595e-03\n",
      " 9.9336e-01  3.8542e-09  1.3595e-03\n",
      "                 ⋮                  \n",
      " 9.9936e-01  1.5751e-13  2.3012e-24\n",
      " 9.9935e-01  1.5279e-13  2.2846e-24\n",
      " 9.9934e-01  1.4825e-13  2.2678e-24\n",
      "[torch.FloatTensor of size 24021x3]\n",
      "\n",
      "Variable containing:\n",
      " 9.9358e-01  3.7871e-09  1.3579e-03\n",
      " 9.9358e-01  3.7871e-09  1.3579e-03\n",
      " 9.9358e-01  3.7871e-09  1.3579e-03\n",
      "                 ⋮                  \n",
      " 9.9937e-01  1.5060e-13  2.2920e-24\n",
      " 9.9936e-01  1.4609e-13  2.2755e-24\n",
      " 9.9935e-01  1.4175e-13  2.2588e-24\n",
      "[torch.FloatTensor of size 24021x3]\n",
      "\n",
      "Variable containing:\n",
      " 9.9379e-01  3.7212e-09  1.3565e-03\n",
      " 9.9379e-01  3.7212e-09  1.3565e-03\n",
      " 9.9379e-01  3.7212e-09  1.3565e-03\n",
      "                 ⋮                  \n",
      " 9.9938e-01  1.4400e-13  2.2836e-24\n",
      " 9.9937e-01  1.3969e-13  2.2671e-24\n",
      " 9.9936e-01  1.3553e-13  2.2504e-24\n",
      "[torch.FloatTensor of size 24021x3]\n",
      "\n",
      "Variable containing:\n",
      " 9.9400e-01  3.6565e-09  1.3552e-03\n",
      " 9.9400e-01  3.6565e-09  1.3552e-03\n",
      " 9.9400e-01  3.6565e-09  1.3552e-03\n",
      "                 ⋮                  \n",
      " 9.9939e-01  1.3770e-13  2.2758e-24\n",
      " 9.9938e-01  1.3357e-13  2.2594e-24\n",
      " 9.9937e-01  1.2960e-13  2.2428e-24\n",
      "[torch.FloatTensor of size 24021x3]\n",
      "\n",
      "Variable containing:\n",
      " 9.9420e-01  3.5930e-09  1.3541e-03\n",
      " 9.9420e-01  3.5930e-09  1.3541e-03\n",
      " 9.9420e-01  3.5930e-09  1.3541e-03\n",
      "                 ⋮                  \n",
      " 9.9941e-01  1.3167e-13  2.2687e-24\n",
      " 9.9939e-01  1.2773e-13  2.2523e-24\n",
      " 9.9938e-01  1.2393e-13  2.2358e-24\n",
      "[torch.FloatTensor of size 24021x3]\n",
      "\n",
      "Variable containing:\n",
      " 9.9439e-01  3.5307e-09  1.3531e-03\n",
      " 9.9439e-01  3.5307e-09  1.3531e-03\n",
      " 9.9439e-01  3.5307e-09  1.3531e-03\n",
      "                 ⋮                  \n",
      " 9.9942e-01  1.2591e-13  2.2621e-24\n",
      " 9.9941e-01  1.2214e-13  2.2458e-24\n",
      " 9.9939e-01  1.1851e-13  2.2293e-24\n",
      "[torch.FloatTensor of size 24021x3]\n",
      "\n",
      "Variable containing:\n",
      " 9.9458e-01  3.4696e-09  1.3521e-03\n",
      " 9.9458e-01  3.4696e-09  1.3521e-03\n",
      " 9.9458e-01  3.4696e-09  1.3521e-03\n",
      "                 ⋮                  \n",
      " 9.9943e-01  1.2041e-13  2.2560e-24\n",
      " 9.9941e-01  1.1680e-13  2.2397e-24\n",
      " 9.9940e-01  1.1333e-13  2.2232e-24\n",
      "[torch.FloatTensor of size 24021x3]\n",
      "\n",
      "Variable containing:\n",
